000191
000152
000146
001258
001270
001264
000387
001099
000344
000422
000378
000581
000595
000542
000224
000230
001648
001660
000218
001106
001674
000797
000967
000973
001338
000026
000740
000998
000032
001304
001462
001310
001477
001305
001463
000755
000033
000027
001339
000999
000741
000966
000796
000782
001113
001675
001661
001107
000219
000231
001649
000379
001701
000423
001729
001503
001265
001271
000609
000621
000635
000812
000184
000192
000804
000810
001529
000637
000151
000179
001267
001273
000384
000421
000347
000435
001065
001071
000233
001677
001111
001105
001663
000794
000780
000970
000757
001449
000025
001475
001461
000019
001460
000742
000756
000971
000781
000959
000795
001104
001662
001676
001110
001138
000226
000540
000232
000583
000597
001716
000352
000434
000420
000346
001058
000385
001514
000178
001500
000636
000150
000622
000811
000805
000193
000187
001299
000839
000801
000815
000183
000197
000168
001510
000140
000632
000381
001706
001712
001074
000342
000424
000430
001048
000587
001699
001114
001672
000578
001100
000236
000550
000975
000949
000791
000785
001470
001316
001302
000752
000753
000035
001465
000009
001317
000784
000960
000223
001129
000237
000551
001667
001101
001115
001698
000586
000431
001049
001061
001707
000380
000627
001277
000169
001263
000196
001288
000828
000182
000814
000800
000802
000180
001261
001507
000619
000157
001249
000143
000396
000382
001077
000369
001711
000355
000427
001739
000341
001671
000209
001117
001659
000553
000235
000792
000779
001467
001301
001315
001473
000745
000023
000037
000751
000989
000988
000744
001472
000778
001300
000793
000552
000220
001670
000208
001102
001664
000591
000585
000340
000354
000432
001704
000368
001076
001710
000383
001089
000142
001248
000618
001274
000195
000803
000817
000694
000680
000870
001549
000657
000131
000643
001213
000119
001207
000333
000441
001039
000327
001011
001777
001763
001005
000284
001824
000290
000247
001159
000521
000535
000253
001603
001617
000509
001171
000086
000092
000910
000723
000045
001429
000079
001373
001372
001414
000078
001366
000050
001428
000044
000911
000093
001399
000087
000508
001170
001602
000252
001158
000246
000520
000291
000285
001825
001762
001004
001010
001776
000468
000440
000326
001038
000454
000497
001206
001560
001574
000656
001548
000130
000871
000859
000681
000697
001589
000867
000873
000898
001238
000132
000654
001204
001210
001576
000668
000481
000324
000442
000456
000330
001006
000318
001760
000287
000522
001172
001600
000278
001166
000091
000085
000734
001358
000046
000720
000708
001370
001365
001403
000709
001371
001359
000721
000735
000053
000906
000279
001615
000523
001629
001826
000286
001775
001013
000319
001761
001749
000325
000443
000480
001563
000133
001239
000127
000872
001588
000696
000682
000862
000686
000692
001201
001567
001573
001215
000123
000645
000889
000137
001229
000484
000490
001765
001003
001759
000321
000335
000296
000282
001822
000269
000255
001639
000916
000902
000080
001361
000731
000043
000724
000042
000056
001348
001406
000718
001360
001412
000081
000095
000917
000240
000526
001638
000532
000254
001162
001604
001176
000283
000297
001758
000446
000320
000308
001770
001764
000491
000485
000650
000888
001228
000136
000644
001572
001200
000687
000877
000863
000861
000691
000685
000108
001216
001570
001564
001202
001558
000120
000493
001799
000487
001772
001014
001000
000478
001766
000450
001028
000336
001809
000281
000295
001606
001160
001174
001612
000524
000256
001148
000530
000083
000929
000097
001389
001362
001404
001410
001376
000068
000040
001438
000733
001439
000727
001411
000069
001405
000082
000914
000531
001613
000519
001607
001161
000294
000280
001808
000451
001029
001001
001767
000479
001015
000486
000492
000121
000135
000653
001565
000109
000684
000690
000689
001597
000851
001583
000845
001568
000662
000892
001232
000138
001540
000886
001795
000312
000460
000306
000448
001742
001811
000299
001193
000500
001144
000528
001150
000702
000064
000070
000716
001420
001346
000058
001352
001435
001347
000717
000065
000930
000924
001384
000918
000529
001637
001151
001623
000515
000273
000501
000298
001186
001743
001025
001031
000461
000307
000475
001780
001227
000139
000887
001541
000893
000663
000677
001569
000844
001582
001596
000878
001580
000846
001594
000661
000107
000675
001543
000885
001225
001231
001557
000649
001782
001796
001769
000311
001755
001033
001806
001184
000271
001609
000265
001153
001635
000932
001386
000715
000073
001379
000729
001437
001351
001423
001344
001422
001436
001350
001378
000072
000099
000927
001393
001152
001634
000264
000270
001608
001191
001813
001754
001026
001740
001768
000476
000310
000304
000462
000489
001797
001783
000648
000890
000884
001224
000674
000660
000106
001595
000847
001581
001585
001591
001220
000658
000894
001234
000102
000664
000116
001208
001787
001744
001036
000328
001750
000466
000314
000472
001181
001803
001142
000512
000274
000506
001397
000937
000923
001383
001354
001432
001426
001368
000710
000704
000062
000705
000063
001369
000711
001341
001355
001433
000922
001382
000088
000507
001619
001143
000249
001180
001194
000315
000467
000301
001751
001745
001023
001792
000498
001209
000117
000103
000665
001553
001235
001590
000856
001584
000854
001592
000840
000868
001237
000883
001223
000115
000673
001579
000101
001784
001753
001035
001021
000459
001009
000317
000303
000465
001828
001814
000539
001141
001633
000505
000263
000277
001169
000511
000934
001394
000908
001425
001431
001357
000061
000707
000713
000075
000712
000074
000060
000048
001356
001424
000909
001395
001381
000921
000276
000510
000262
001154
001632
000538
001626
001140
001815
001801
000289
001197
000464
000470
000316
001008
000458
001752
000100
000672
000882
001222
000128
001550
000869
001587
000841
000855
000832
000198
000173
000615
000601
000167
001279
001251
001537
000629
001245
001090
000417
000403
001735
001053
000359
001721
001696
001669
000577
001641
000239
001127
001133
001655
000946
000952
001494
001319
000761
001325
000985
000749
000991
001331
000990
000748
001324
001442
000774
000012
000006
001318
001495
000953
000947
001132
001654
001640
000210
000576
001668
000562
000204
001697
000589
001683
000358
001046
001052
000364
000416
000370
001085
001244
001250
001536
001278
000614
000827
001287
001293
001285
000825
000831
001291
000602
000616
000170
000158
001246
001520
001534
001252
000399
001087
001093
000400
001078
000372
000414
000428
001695
001681
000574
000212
000206
001118
000560
001656
000548
001124
000979
000945
000010
000776
000004
001332
000992
001326
000987
000039
001327
001333
000993
000763
000777
001482
000944
001496
001643
000549
001131
000207
000561
000575
000213
001737
000429
001045
000367
001079
001092
001253
001521
000617
000171
000165
000830
001290
001284
000820
000149
001531
001519
000607
000161
000175
001096
001727
001733
000363
000405
000411
001690
001653
001647
000559
001121
001109
000571
000565
000203
001492
000954
000940
000968
001451
000997
001337
000029
000983
000773
000001
000767
001479
000000
000772
000996
000028
001336
000969
000941
000955
001493
000564
001108
000570
000558
001646
001120
001134
001652
001685
000410
000376
001068
000362
001732
001726
001097
000174
000612
000606
001530
001524
001242
001295
001281
000837
001297
000189
000823
001532
001254
001240
001526
000176
001268
000604
001095
001081
001730
001724
001042
000374
000412
001718
000360
000599
001687
001693
001122
001644
001650
000228
001136
000200
001678
000566
000214
000943
001491
000957
001446
001334
000994
000002
000016
000770
000017
001309
000003
001335
001453
001447
000956
000573
000215
000201
000567
001651
000229
001645
001686
000361
000413
001725
001043
000349
001057
000605
001241
001527
001255
001282
000836
001296
001927
001884
001891
001846
001930
001844
001878
001892
001845
001851
001931
001925
001855
001897
001840
001854
001868
001934
001908
001936
001922
001842
001856
001881
001895
001894
001937
001950
001944
001831
001951
001833
001832
001946
001942
001956
001836
001969
001955
001941
001834
001954
001971
001965
001959
001838
001958
001964
001970
001966
001972
001973
001967
001962
001948
001974
001960
001829
001961
001975
001912
001906
001866
001872
001898
001873
001867
001907
001939
001871
001865
001859
001858
001870
001910
001900
001848
001860
001875
001915
001901
001929
001917
001903
001888
001902
001916